len1_wilton_fcin0.85_fcout0.1_arch:4LUT-noequiv	43.0995541847	
len1_universal_fcin0.85_fcout0.1_arch:4LUT-noequiv	44.5364985609	
len2_wilton_fcin0.85_fcout0.1_arch:4LUT-noequiv	45.5415260483	
len2_planar_fcin0.85_fcout0.1_arch:4LUT-noequiv	45.8548798901	
len2_wilton_fcin0.75_fcout0.1_arch:4LUT-noequiv	47.3542445148	
len2_universal_fcin0.65_fcout0.1_arch:4LUT-noequiv	48.6696675748	
len1_wilton_fcin0.45_fcout0.1_arch:4LUT-noequiv	49.657967966	
len2_universal_fcin0.55_fcout0.1_arch:4LUT-noequiv	51.1151486293	
len1_universal_fcin0.45_fcout0.1_arch:4LUT-noequiv	53.9443492669	
len2_planar_fcin0.45_fcout0.1_arch:4LUT-noequiv	54.1708841317	
len4_universal_fcin0.85_fcout0.1_arch:4LUT-noequiv	55.1229109293	
len4_wilton_fcin0.85_fcout0.1_arch:4LUT-noequiv	55.7765620762	
len4_wilton_fcin0.75_fcout0.1_arch:4LUT-noequiv	57.6086492248	
len4_planar_fcin0.75_fcout0.1_arch:4LUT-noequiv	58.2064236152	
len1_wilton_fcin0.15_fcout0.35_arch:4LUT-noequiv	59.3361399869	
len1_universal_fcin0.35_fcout0.1_arch:4LUT-noequiv	59.481172475	
len2_wilton_fcin0.25_fcout0.1_arch:4LUT-noequiv	61.7797978742	
len2_planar_fcin0.25_fcout0.1_arch:4LUT-noequiv	62.3175394675	
len4_wilton_fcin0.55_fcout0.1_arch:4LUT-noequiv	62.5886624072	
len1_universal_fcin0.15_fcout0.85_arch:4LUT-noequiv	63.8897294597	
len1_universal_fcin0.15_fcout0.75_arch:4LUT-noequiv	63.937914794	
len1_universal_fcin0.15_fcout0.45_arch:4LUT-noequiv	64.3274940847	
len2_universal_fcin0.15_fcout0.55_arch:4LUT-noequiv	65.0532913929	
len2_universal_fcin0.15_fcout0.85_arch:4LUT-noequiv	65.0532913929	
len2_universal_fcin0.15_fcout0.65_arch:4LUT-noequiv	65.0532913929	
len2_planar_fcin0.15_fcout0.65_arch:4LUT-noequiv	65.0751497136	
len2_planar_fcin0.15_fcout0.45_arch:4LUT-noequiv	65.9416115089	
len2_planar_fcin0.15_fcout0.35_arch:4LUT-noequiv	66.1615172749	
len4_wilton_fcin0.45_fcout0.1_arch:4LUT-noequiv	66.2320728452	
len4_planar_fcin0.45_fcout0.1_arch:4LUT-noequiv	66.3175526013	
len2_universal_fcin0.15_fcout0.25_arch:4LUT-noequiv	66.7867103049	
len2_planar_fcin0.15_fcout0.25_arch:4LUT-noequiv	67.396875783	
len1_universal_fcin0.25_fcout0.1_arch:4LUT-noequiv	68.063531392	
len4_universal_fcin0.35_fcout0.1_arch:4LUT-noequiv	70.8399085157	
len1_planar_fcin0.85_fcout0.1_arch:4LUT-noequiv	73.9295833242	
len2_universal_fcin0.15_fcout0.05_arch:4LUT-noequiv	75.0885748204	
len1_universal_fcin0.15_fcout0.15_arch:4LUT-noequiv	76.1988861117	
len1_planar_fcin0.65_fcout0.1_arch:4LUT-noequiv	78.9487580666	
len1_planar_fcin0.55_fcout0.1_arch:4LUT-noequiv	81.5512496675	
len4_universal_fcin0.15_fcout0.85_arch:4LUT-noequiv	83.6895752937	
len4_universal_fcin0.15_fcout0.75_arch:4LUT-noequiv	83.6895752937	
len4_universal_fcin0.15_fcout0.65_arch:4LUT-noequiv	83.6895752937	
len4_wilton_fcin0.15_fcout0.25_arch:4LUT-noequiv	83.7271378091	
len4_wilton_fcin0.15_fcout0.55_arch:4LUT-noequiv	83.9507214056	
len4_wilton_fcin0.15_fcout0.85_arch:4LUT-noequiv	83.9507214056	
len4_wilton_fcin0.15_fcout0.75_arch:4LUT-noequiv	83.9507214056	
len4_wilton_fcin0.15_fcout0.35_arch:4LUT-noequiv	83.9507214056	
len4_wilton_fcin0.15_fcout0.65_arch:4LUT-noequiv	83.9507214056	
len4_wilton_fcin0.15_fcout0.45_arch:4LUT-noequiv	83.9507214056	
len4_planar_fcin0.15_fcout0.55_arch:4LUT-noequiv	83.9912299796	
len4_planar_fcin0.15_fcout0.65_arch:4LUT-noequiv	83.9912299796	
len4_planar_fcin0.15_fcout0.25_arch:4LUT-noequiv	84.0313427976	
len4_universal_fcin0.15_fcout0.15_arch:4LUT-noequiv	86.1541532204	
len4_wilton_fcin0.15_fcout0.15_arch:4LUT-noequiv	86.5397816219	
len4_universal_fcin0.15_fcout0.1_arch:4LUT-noequiv	88.9197125706	
len4_wilton_fcin0.15_fcout0.05_arch:4LUT-noequiv	96.1144121118	
len4_planar_fcin0.05_fcout0.1_arch:4LUT-noequiv	118.025720425	
len1_planar_fcin0.15_fcout0.1_arch:4LUT-noequiv	143.113556943	
len1_planar_fcin0.15_fcout0.05_arch:4LUT-noequiv	283.28175018	
len1_planar_fcin0.05_fcout0.1_arch:4LUT-noequiv	379.024497737	
